
==============================================================
Scenario: A: conditional independence  (s_th = 0 , s_ph = 0 , s_ps = 0 )
==============================================================
        method pi_hat accuracy brier mean_sens_hat mean_spec_hat
         TRUTH   0.29        1     0          0.71         0.853
 Majority vote   0.29        1     0            NA            NA
   Dawid-Skene   0.29        1     0          0.71         0.856
exists, not overwritten: results/pilot/fit_B.rds

==============================================================
Scenario: B: crossed dependence  (s_th = 1 , s_ph = 0.8 , s_ps = 0.5 )
==============================================================
             method pi_hat accuracy brier mean_sens_hat mean_spec_hat
              TRUTH  0.290    1.000 0.000         0.666         0.787
      Majority vote  0.287    0.890 0.110            NA            NA
        Dawid-Skene  0.327    0.887 0.109         0.703         0.822
 CRE-LCM (proposed)  0.422    0.897 0.121            NA            NA

Variance components (CRE-LCM):
     variable   mean   q2.5  q97.5 rhat   true
         s_th 0.8613 0.6853 1.0883 1.46 1.0000
         s_ph 0.8369 0.7431 0.9295 1.02 0.8000
         s_ps 0.5048 0.4128 0.5976 1.01 0.5000
   share_item 0.1495 0.0984 0.2192 1.46 0.1931
  share_model 0.1405 0.1117 0.1700 1.09 0.1236
 share_prompt 0.0514 0.0344 0.0705 1.04 0.0483
    share_run 0.6586 0.6039 0.7026 1.28 0.6351

Diagnostics:
 divergences max_treedepth_hits runtime_sec chains iter_warmup iter_sampling
           0                  0    618.2497      4        1000          1000
 seed  backend post1_max_rhat post1_min_ess_bulk global_max_rhat
 2026 cmdstanr       3.824921           4.537294        1.813769
 global_min_ess_bulk global_min_ess_tail
            5.822202            26.22358

Per-chain posterior means (rows = parameters, columns = chains):
                 1         2         3         4
pi1          0.326     0.354     0.702     0.306
mu[1]       -2.096    -2.168    -1.082    -2.017
mu[2]        1.218     1.022    -0.911     1.262
s_th         0.793     0.809     0.988     0.856
s_ph         0.839     0.843     0.824     0.842
s_ps         0.505     0.513     0.494     0.507
a[1,1]       0.000     0.000     0.000     0.000
a[2,1]       0.219     0.179     0.190     0.188
a[3,1]       0.426     0.432    -0.344     0.390
a[1,2]       0.000     0.000     0.000     0.000
a[2,2]      -0.064     0.030     0.066    -0.021
a[3,2]      -0.341    -0.271     0.353    -0.344
tau_b[1]     0.322     0.334     1.337     0.329
tau_b[2]     0.322     0.302     0.764     0.345
lp__     -5270.481 -5266.171 -5274.946 -5261.113

Full summary:
     variable      mean       sd      q2.5     q97.5 rhat ess_bulk ess_tail
          pi1  4.22e-01  0.16483  2.71e-01  7.40e-01 1.81     5.82     26.2
        mu[1] -1.84e+00  0.75553 -2.47e+00  9.22e-01 1.24    12.63     50.9
        mu[2]  6.48e-01  1.09657 -1.94e+00  1.60e+00 1.44     8.13     28.5
       a[1,1]  0.00e+00  0.00000  0.00e+00  0.00e+00   NA       NA       NA
       a[2,1]  1.94e-01  0.13553 -7.12e-02  4.57e-01 1.03   865.53   1027.9
       a[3,1]  2.26e-01  0.35478 -5.63e-01  6.32e-01 1.55     7.02     29.3
       a[1,2]  0.00e+00  0.00000  0.00e+00  0.00e+00   NA       NA       NA
       a[2,2]  3.13e-03  0.15657 -3.20e-01  2.95e-01 1.07    37.97    129.7
       a[3,2] -1.51e-01  0.32614 -6.13e-01  5.00e-01 1.57     6.93     34.9
     tau_b[1]  5.80e-01  0.53700  1.47e-01  1.96e+00 1.37     9.12     31.6
     tau_b[2]  4.33e-01  0.38148  1.37e-01  1.73e+00 1.09    34.14     42.3
         s_th  8.61e-01  0.10608  6.85e-01  1.09e+00 1.46     7.80     31.0
         s_ph  8.37e-01  0.04689  7.43e-01  9.29e-01 1.02   806.17   2471.3
         s_ps  5.05e-01  0.04740  4.13e-01  5.98e-01 1.01   842.59   1905.4
   share_item  1.50e-01  0.03196  9.84e-02  2.19e-01 1.46     7.78     30.6
  share_model  1.40e-01  0.01503  1.12e-01  1.70e-01 1.09    30.28    961.5
 share_prompt  5.14e-02  0.00935  3.44e-02  7.05e-02 1.04    83.01   1701.9
    share_run  6.59e-01  0.02540  6.04e-01  7.03e-01 1.28    10.67     38.8
         lp__ -5.27e+03 48.57565 -5.36e+03 -5.17e+03 1.01   902.78   1718.9
    true
  0.3000
 -2.0000
  1.5000
  0.0000
  0.3000
  0.6000
  0.0000
 -0.1000
 -0.5000
  0.4000
  0.4000
  1.0000
  0.8000
  0.5000
  0.1931
  0.1236
  0.0483
  0.6351
      NA
[pilot] done: results in results/pilot 
